0
1
2
3
4
5
6
7
8
9
10
11
12
13
14
15
16
17
18
19
20
21
22
23
24
25
26
27
28
29
30
31
32
33
34
35
36
37
38
39
40
41
42
43
44
45
46
47
48
49
50
51
52
53
54
55
56
57
58
59
60
61
62
63
64
65
66
67
68
69
70
71
72
73
74
75
76
77
78
79
80
81
82
83
84
86
87
88
89
90
91
93
94
95
96
97
99
100
101
103
104
105
107
108
110
111
112
114
115
117
118
120
122
123
125
126
128
130
131
133
135
136
138
140
142
144
145
147
149
151
153
155
157
159
161
163
165
167
169
172
174
176
178
180
183
185
187
190
192
195
197
200
202
205
207
210
212
215
218
221
223
226
229
232
235
238
241
244
247
250
253
256
260
263
266
269
273
276
280
283
287
290
294
297
301
305
309
313
316
320
324
328
332
337
341
345
349
354
358
362
367
371
376
381
385
390
395
400
405
410
415
420
425
430
435
441
446
452
457
463
468
474
480
486
492
498
504
510
516
523
529
535
542
549
555
562
569
576
583
590
597
604
612
619
627
634
642
650
658
665
674
682
690
698
707
715
724
733
742
751
760
769
778
787
797
807
816
826
836
846
856
867
877
888
898
909
920
931
942
953
965
976
988
1000
1012
1024
1036
1049
1061
1074
1087
1100
1113
1126
1140
1153
1167
1181
1195
1209
1224
1238
1253
1268
1283
1298
1314
1329
1345
1361
1377
1394
1410
1427
1444
1461
1479
1496
1514
1532
1550
1568
1587
1606
1625
1644
1663
1683
1703
1723
1744
1764
1785
1806
1827
1849
1871
1893
1915
1938
1961
1984
2007
2031
2055
2079
2103
2128
2153
2179
2204
2230
2256
2283
2310
2337
2364
2392
2420
2448
2477
2506
2536
2565
2595
2626
2657
2688
2719
2751
2783
2816
2849
2882
2916
2950
2984
3019
3055
3090
3126
3163
3200
3237
3275
3313
3352
3391
3430
3470
3511
3552
3593
3635
3677
3720
3763
3807
3851
3896
3941
3987
4034
4080
4128
4176
4224
4273
4323
4373
4424
4475
4527
4580
4633
4686
4741
4796
4851
4907
4964
5022
5080
5139
5198
5258
5319
5380
5443
5506
5569
5634
5699
5764
5831
5898
5966
6035
6105
6175
6247
6319
6391
6465
6540
6615
6691
6768
6846
6925
7005
7085
7167
7249
7333
7417
7502
7589
7676
7764
7853
7944
8035
8127
8220
8315
8410
8507
8604
8703
8803
8904
9006
9109
9214
9319
9426
9534
9643
9754
9866
9979
10093
10208
10325
10443
10563
10684
10806
10929
11054
11181
11308
11438
11568
11700
11834
11969
12106
12244
12384
12525
12668
12812
12959
13106
13256
13407
13560
13714
13871
14029
14188
14350
14514
14679
14846
15015
15186
15359
15533
15710
15889
16069
16252
16437
16624
16813
17004
17197
17392
17590
17790
17992
18196
18403
18611
18823
19036
19252
19471
19691
19915
20141
20369
20600
20833
21069
21308
21549
21794
22040
22290
22542
22798
23056
23317
23580
23847
24117
24390
24666
24945
25227
25512
25800
26092
26387
26685
26986
27291
27599
27911
28226
28545
28867
29193
29522
29855
30192
30533
30877
31225
31577
31933
32293
32657
33025
33398
33774
34154
34539
34928
35322
35719
36121
36528
36939
37355
37775
38200
38630
39065
39504
39948
40397
40851
41311
41775
42245
42719
43199
43685
44175
44671
45173
45680
46193
46712
47236
47766
48302
48844
49392
49946
50507
51073
51646
52225
52810
53402
54001
54606
55218
55837
56462
57095
57734
58381
59035
59696
60364
61040
61723
62414
63112
63818
64532
65254
65984
66722
67468
68222
68985
69756
70536
71324
72121
72927
73742
74566
75399
76241
77092
77953
78823
79703
80593
81493
82402
83322
84251
85191
86142
87102
88074
89056
90049
91053
92068
93094
94132
95181
96242
97314
98398
99494
100603
101723
102856
104001
105159
106330
107513
108710
109920
111143
112380
113630
114894
116172
117465
118771
120092
121427
122777
124142
125522
126917
128327
129753
131195
132653
134126
135616
137122
138645
140185
141741
143315
144906
146515
148141
149785
151447
153127
154826
156544
158280
160036
161811
163605
165419
167253
169107
170982
172877
174793
176730
178689
180668
182670
184694
186739
188808
190899
193012
195150
197310
199494
201703
203935
206192
208474
210781
213113
215471
217854
220264
222700
225163
227653
230170
232715
235288
237889
240518
243176
245864
248581
251327
254104
256911
259749
262618
265519
268451
271415
274412
277442
280504
283601
286731
289896
293095
296329
299599
302904
306245
309624
313039
316491
319981
323510
327077
330683
334329
338014
341740
345506
349314
353163
357054
360988
364965
368986
373050
377159
381312
385511
389756
394048
398386
402771
407205
411687
416218
420798
425429
430110
434842
439626
444462
449351
454293
459289
464340
469446
474607
479825
485100
490432
495823
501272
506781
512350
517980
523671
529424
535240
541119
547063
553071
559145
565285
571492
577767
584110
590522
597004
603557
610181
616877
623646
630489
637407
644400
651469
658615
665839
673142
680524
687986
695530
703156
710865
718658
726536
734499
742550
750687
758914
767230
775636
784134
792724
801408
810187
819060
828031
837099
846265
855532
864899
874368
883939
893615
903396
913284
923279
933383
943596
953921
964357
974908
985572
996353
1007251
1018267
1029403
1040660
1052039
1063542
1075170
1086924
1098806
1110817
1122958
1135231
1147637
1160178
1172855
1185670
1198624
1211719
1224956
1238336
1251862
1265534
1279355
1293325
1307448
1321723
1336154
1350741
1365486
1380391
1395458
1410689
1426084
1441647
1457378
1473280
1489354
1505602
1522027
1538630
1555413
1572377
1589526
1606860
1624383
1642095
1659999
1678097
1696392
1714884
1733577
1752472
1771572
1790879
1810396
1830123
1850064
1870222
1890597
1911193
1932012
1953057
1974329
1995832
2017568
2039539
2061747
2084196
2106889
2129826
2153012
2176449
2200140
2224086
2248292
2272760
2297493
2322493
2347763
2373307
2399128
2425227
2451609
2478276
2505232
2532479
2560020
2587860
2616000
2644445
2673197
2702260
2731637
2761332
2791348
2821688
2852356
2883356
2914690
2946363
2978378
3010740
3043450
3076515
3109936
3143719
3177866
3212382
3247271
3282537
3318184
3354216
3390636
3427450
3464662
3502275
3540295
3578725
3617569
3656833
3696521
3736637
3777187
3818174
3859603
3901479
3943807
3986592
4029839
4073552
4117736
4162398
4207541
4253171
4299294
4345913
4393036
4440667
4488812
4537475
4586664
4636383
4686638
4737435
4788779
4840677
4893135
4946158
4999752
5053924
5108681
5164027
5219969
5276515
5333670
5391441
5449834
5508856
5568515
5628816
5689766
5751374
5813644
5876586
5940206
6004510
6069508
6135205
6201610
6268730
6336572
6405145
6474456
6544514
6615326
6686900
6759245
6832368
6906278
6980984
7056494
7132817
7209961
7287935
7366748
7446409
7526928
7608312
7690572
7773718
7857757
7942701
8028559
8115340
8203054
8291712
8381323
8471898
8563447
8655980
8749509
8844043
8939593
9036171
9133787
9232453
9332179
9432977
9534858
9637835
9741918
9847120
9953453
10060929
10169559
10279357
10390334
10502504
10615879
10730472
10846296
10963364
11081690
11201287
11322169
11444349
11567841
11692660
11818819
11946332
12075215
12205482
12337148
12470228
12604736
12740688
12878100
13016988
13157366
13299250
13442658
13587605
13734108
13882183
14031847
14183118
14336011
14490545
14646738
14804606
14964168
15125442
15288447
15453199
15619720
15788026
15958138
16130074
16303855
16479499
16657028
16836459
17017816
17201117
17386383
17573636
17762896
17954186
18147527
18342940
18540448
18740074
18941839
19145767
19351881
19560204
19770759
19983571
20198664
20416062
20635789
20857871
21082332
21309199
21538496
21770249
22004486
22241231
22480513
22722358
22966794
23213847
23463547
23715921
23970998
24228806
24489375
24752735
25018915
25287944
25559855
25834676
26112440
26393178
26676921
26963701
27253551
27546504
27842593
28141851
28444311
28750009
29058978
29371254
29686871
30005866
30328274
30654132
30983476
31316345
31652774
31992802
32336469
32683811
33034869
33389682
33748290
34110734
34477055
34847293
35221490
35599690
35981933
36368265
36758727
37153364
37552221
37955342
38362773
38774559
39190748
39611386
40036521
40466200
40900471
41339385
41782989
42231335
42684472
43142451
43605325
44073145
44545964
45023835
45506813
45994950
46488303
46986927
47490877
48000211
48514986
49035260
49561091
50092539
50629663
51172524
51721183
52275701
52836141
53402566
53975039
54553626
55138390
55729398
56326717
56930412
57540553
58157207
58780445
59410335
60046950
60690359
61340637
61997855
62662088
63333409
64011896
64697623
65390668
66091108
66799023
67514491
68237594
68968412
69707027
70453522
71207981
71970489
72741131
73519994
74307165
75102733
75906786
76719415
77540711
78370766
79209674
80057528
80914424
81780457
82655725
83540326
84434359
85337924
86251123
87174058
88106832
89049550
90002318
90965242
91938431
92921993
93916038
94920679
95936027
96962196
97999302
99047460
100106788
101177404
102259429
103352983
104458189
105575171
106704054
107844964
108998029
110163378
111341142
112531452
113734441
114950244
116178998
117420839
118675908
119944343
121226287
122521883
123831277
125154615
126492045
127843716
129209779
130590388
131985697
133395862
134821040
136261391
137717075
139188256
140675098
142177768
143696432
145231262
146782427
148350103
149934463
151535686
153153949
154789434
156442323
158112801
159801055
161507273
163231646
164974366
166735627
168515628
170314566
172132641
173970059
175827022
177703739
179600419
181517274
183454517
185412366
187391038
189390754
191411737
193454214
195518411
197604559
199712891
201843642
203997049
206173354
208372797
210595626
212842088
215112432
217406913
219725787
222069311
224437747
226831359
229250414
231695182
234165934
236662947
239186499
241736870
244314346
246919212
249551761
252212284
254901078
257618443
260364682
263140100
265945006
268779714
271644537
274539797
277465814
280422915
283411430
286431690
289484032
292568795
295686325
298836966
302021070
305238991
308491088
311777722
315099260
318456069
321848525
325277005
328741889
332243564
335782419
339358848
342973248
346626021
350317574
354048317
357818666
361629038
365479859
369371555
373304561
377279312
381296252
385355826
389458485
393604686
397794890
402029561
406309172
410634196
415005116
419422416
423886587
428398125
432957532
437565314
442221982
446928054
451684053
456490507
461347949
466256920
471217963
476231630
481298478
486419069
491593972
496823761
502109016
507450325
512848280
518303480
523816531
529388044
535018638
540708938
546459575
552271186
558144417
564079919
570078352
576140379
582266674
588457915
594714791
601037994
607428226
613886195
620412618
627008218
633673727
640409882
647217433
654097132
661049742
668076035
675176788
682352790
689604835
696933726
704340277
711825308
719389647
727034134
734759615
742566946
750456992
758430627
766488734
774632206
782861944
791178861
799583876
808077922
816661938
825336875
834103694
842963365
851916868
860965196
870109350
879350342
888689194
898126941
907664628
917303308
927044050
936887932
946836041
956889480
967049360
977316806
987692953
998178950
1008775956
1019485143
1030307696
1041244812
1052297701
1063467585
1074755699
1086163291
1097691623
1109341969
1121115619
1133013872
1145038045
1157189467
1169469481
1181879444
1194420728
1207094720
1219902820
1232846443
1245927020
1259145997
1272504833
1286005005
1299648005
1313435339
1327368531
1341449121
1355678663
1370058730
1384590909
1399276806
1414118042
1429116257
1444273108
1459590266
1475069425
1490712293
1506520597
1522496082
1538640513
1554955671
1571443358
1588105393
1604943615
1621959883
1639156076
1656534090
1674095843
1691843275
1709778342
1727903023
1746219319
1764729251
1783434860
1802338210
1821441386
1840746496
1860255669
1879971056
1899894832
1920029195
1940376365
1960938586
1981718125
2002717273
2023938346
2045383683
2067055649
2088956634
2111089050
2133455339
2156057965
2178899420
2201982222
2225308914
2248882067
2272704279
2296778175
2321106408
2345691659
2370536636
2395644077
2421016748
2446657444
2472568989
2498754239
2525216076
2551957417
2578981206
2606290420
2633888066
2661777183
2689960842
2718442147
2747224235
2776310273
2805703465
2835407046
2865424286
2895758490
2926412997
2957391182
2988696453
3020332258
3052302076
3084609427
3117257867
3150250987
3183592419
3217285831
3251334930
3285743463
3320515215
3355654011
3391163718
3427048241
3463311527
3499957565
3536990387
3574414064
3612232713
3650450492
3689071605
3728100299
3767540864
3807397638
3847675003
3888377387
3929509264
3971075157
4013079636
4055527316
4098422864
4141770995
4185576473
4229844113
4274578780
4319785389
4365468909
4411634359
4458286812
4505431394
4553073285
4601217718
4649869984
4699035427
4748719448
4798927503
4849665109
4900937839
4952751322
5005111250
5058023374
5111493503
5165527510
5220131328
5275310952
5331072441
5387421917
5444365567
5501909643
5560060460
5618824404
5678207923
5738217537
5798859832
5860141464
5922069159
5984649712
6047889991
6111796937
6176377561
6241638950
6307588264
6374232739
6441579688
6509636498
6578410635
6647909643
6718141147
6789112850
6860832537
6933308072
7006547406
7080558570
7155349682
7230928941
7307304637
7384485143
7462478923
7541294528
7620940598
7701425866
7782759156
7864949382
7948005556
8031936780
8116752255
8202461276
8289073238
8376597633
8465044052
8554422188
8644741836
8736012892
8828245357
8921449337
9015635044
9110812796
9206993021
9304186256
9402403146
9501654451
9601951043
9703303908
9805724145
9909222973
10013811726
10119501859
10226304945
10334232680
10443296881
10553509492
10664882578
10777428335
10891159083
11006087274
11122225489
11239586441
11358182978
11478028081
11599134868
11721516593
11845186652
11970158578
12096446048
12224062883
12353023046
12483340650
12615029954
12748105366
12882581447
13018472908
13155794617
13294561596
13434789026
13576492245
13719686753
13864388214
14010612454
14158375466
14307693409
14458582615
14611059583
14765140987
14920843676
15078184676
15237181190
15397850602
15560210478
15724278569
15890072810
16057611328
16226912435
16397994638
16570876637
16745577329
16922115807
17100511366
17280783503
17462951918
17647036519
17833057422
18021034952
18210989651
18402942272
18596913789
18792925393
18990998498
19191154743
19393415994
19597804345
19804342120
20013051882
20223956424
20437078783
20652442234
20870070298
21089986742
21312215579
21536781079
21763707761
21993020405
22224744047
22458903988
22695525793
22934635294
23176258595
23420422073
23667152380
23916476449
24168421495
24423015015
24680284798
24940258922
25202965760
25468433980
25736692554
26007770753
26281698158
26558504658
26838220455
27120876070
27406502339
27695130424
27986791812
28281518322
28579342103
28880295643
29184411768
29491723650
29802264807
30116069108
30433170777
30753604396
31077404910
31404607627
31735248229
32069362768
32406987675
32748159762
33092916226
33441294655
33793333027
34149069722
34508543519
34871793603
35238859571
35609781431
35984599613
36363354970
36746088780
37132842757
37523659047
37918580240
38317649372
38720909928
39128405849
39540181535
39956281852
40376752135
40801638192
41230986313
41664843269
42103256324
42546273235
42993942259
43446312156
43903432199
44365352176
44832122396
45303793692
45780417431
46262045519
46748730401
47240525075
47737483091
48239658559
48747106156
49259881131
49778039311
50301637107
50830731521
51365380149
51905641191
52451573456
53003236369
53560689974
54123994946
54693212592
55268404863
55849634356
56436964323
57030458678
57630182004
58236199559
58848577283
59467381807
60092680458
60724541266
61363032975
62008225047
62660187669
63318991763
63984708994
64657411774
65337173275
66024067432
66718168953
67419553329
68128296840
68844476562
69568170379
70299456988
71038415910
71785127496
72539672938
73302134277
74072594412
74851137108
75637847006
76432809633
77236111409
78047839657
78868082614
79696929440
80534470226
81380796005
82235998762
83100171442
83973407965
84855803229
85747453127
86648454552
87558905412
88478904637
89408552192
90347949085
91297197382
92256400215
93225661794
94205087417
95194783485
96194857509
97205418124
98226575101
99258439357
100301122971
101354739189
102419402445
103495228366
104582333787
105680836766
106790856594
107912513808
109045930204
110191228853
111348534109
112517971628
113699668378
114893752653
116100354088
117319603673
118551633766
119796578109
121054571840
122325751508
123610255092
124908222010
126219793136
127545110818
128884318890
130237562688
131604989068
132986746418
134382984677
135793855352
137219511529
138660107898
140115800760
141586748052
143073109360
144575045935
146092720716
147626298340
149175945166
150741829290
152324120563
153922990613
155538612856
157171162522
158820816671
160487754211
162172155920
163874204463
165594084413
167331982269
169088086481
170862587464
172655677622
174467551369
176298405149
178148437456
180017848860
181906842022
183815621720
185744394872
187693370553
189662760025
191652776754
193663636433
195695557011
197748758710
199823464052
201919897881
204038287390
206178862143
208341854102
210527497649
212736029614
214967689299
217222718504
219501361553
221803865322
224130479263
226481455432
228857048516
231257515861
233683117499
236134116177
238610777383
241113369378
243642163222
246197432804
248779454873
251388509066
254024877937
256688846991
259380704713
262100742597
264849255181
267626540076
270432897998
273268632805
276134051521
279029464379
281955184845
284911529661
287898818869
290917375855
293967527378
297049603606
300163938154
303310868117
306490734108
309703880293
312950654430
316231407907
319546495775
322896276792
326281113458
329701372058
333157422694
336649639333
340178399841
343744086029
347347083690
350987782642
354666576768
358383864064
362140046674
365935530941
369770727443
373646051044
377561920934
381518760678
385516998257
389557066117
393639401216
397764445069
401932643797
406144448172
410400313671
414700700520
419046073746
423436903225
427873663736
432356835008
436886901774
441464353822
446089686050
450763398515
455485996491
460257990520
465079896470
469952235587
474875534555
479850325548
484877146291
489956540117
495089056024
500275248735
505515678758
510810912444
516161522051
521568085805
527031187960
532551418861
538129375011
543765659129
549460880223
555215653647
561030601171
566906351050
572843538088
578842803707
584904796016
591030169882
597219586999
603473715958
609793232322
616178818696
622631164802
629150967549
635738931116
642395767018
649122194189
655918939059
662786735627
669726325546
676738458198
683823890777
690983388370
698217724038
705527678900
712914042217
720377611476
727919192476
735539599416
743239654978
751020190422
758882045669
766826069395
774853119120
782964061301
791159771426
799441134106
807809043171
816264401767
824808122451
833441127288
842164347956
850978725837
859885212126
868884767929
877978364368
887166982681
896451614335
905833261125
915312935286
924891659599
934570467503
944350403204
954232521788
964217889336
974307583032
984502691288
994804313854
1005213561935
1015731558318
1026359437485
1037098345736
1047949441315
1058913894533
1069992887892
1081187616212
1092499286763
1103929119389
1115478346641
1127148213912
1138939979567
1150854915080
1162894305167
1175059447930
1187351654990
1199772251631
1212322576942
1225003983960
1237817839814
1250765525873
1263848437896
1277067986176
1290425595698
1303922706287
1317560772764
1331341265103
1345265668585
1359335483964
1373552227619
1387917431726
1402432644413
1417099429934
1431919368833
1446894058111
1462025111403
1477314159145
1492762848756
1508372844805
1524145829197
1540083501354
1556187578388
1572459795296
1588901905140
1605515679234
1622302907339
1639265397849
1656404977988
1673723494008
1691222811379
1708904815000
1726771409390
1744824518900
1763066087916
1781498081066
1800122483434
1818941300771
1837956559708
1857170307976
1876584614625
1896201570245
1916023287187
1936051899797
1956289564636
1976738460717
1997400789736
2018278776308
2039374668205
2060690736599
2082229276302
2103992606013
2125983068569
2148203031191
2170654885742
2193341048982
2216263962823
2239426094597
2262829937316
2286478009939
2310372857645
2334517052099
2358913191737
2383563902035
2408471835796
2433639673431
2459070123247
2484765921738
2510729833877
2536964653412
2563473203164
2590258335331
2617322931794
2644669904424
2672302195393
2700222777490
2728434654440
2756940861224
2785744464407
2814848562460
2844256286100
2873970798615
2903995296215
2934333008362
2964987198123
2995961162518
3027258232870
3058881775166
3090835190413
3123121915005
3155745421088
3188709216936
3222016847321
3255671893895
3289677975574
3324038748924
3358757908553
3393839187505
3429286357662
3465103230143
3501293655718
3537861525215
3574810769937
3612145362084
3649869315180
3687986684495
3726501567489
3765418104240
3804740477894
3844472915112
3884619686517
3925185107156
3966173536959
4007589381207
4049437091002
4091721163742
4134446143605
4177616622031
4221237238219
4265312679615
4309847682422
4354847032098
4400315563875
4446258163272
4492679766619
4539585361584
4586979987705
4634868736932
4683256754171
4732149237831
4781551440381
4831468668916
4881906285717
4932869708831
4984364412644
5036395928472
5088969845149
5142091809626
5195767527574
5250002763991
5304803343824
5360175152590
5416124136999
5472656305599
5529777729411
5587494542581
5645812943038
5704739193149
5764279620395
5824440618047
5885228645844
5946650230689
6008711967343
6071420519131
6134782618656
6198805068513
6263494742021
6328858583958
6394903611297
6461636913961
6529065655580
6597197074256
6666038483332
6735597272182
6805880906993
6876896931566
6948652968121
7021156718111
7094415963047
7168438565325
7243232469071
7318805700985
7395166371201
7472322674154
7550282889452
7629055382763
7708648606708
7789071101764
7870331497176
7952438511877
8035400955422
8119227728928
8203927826022
8289510333805
8375984433821
8463359403038
8551644614835
8640849540010
8730983747786
8822056906832
8914078786301
9007059256867
9101008291783
9195935967943
9291852466961
9388768076255
9486693190147
9585638310973
9685614050203
9786631129573
9888700382235
9991832753905
10096039304038
10201331207007
10307719753294
10415216350698
10523832525549
10633579923943